Nick-Cmd:print coin all
--------------------print country  0 coin value---------------------
 coin  min0        max0        min1        max1        min2        max2 
    0 (   0 -10)  (  38  10)  ( 125 -10)  ( 199  10)  ( 350 -10)  ( 454  10)
    1 ( 250 -10)  ( 330  10)  ( 310 -10)  ( 352  10)  ( 514 -10)  ( 614  10)
    2 ( 337 -10)  ( 411  10)  ( 470 -10)  ( 538  10)  ( 515 -10)  ( 670  10)
    3 ( 113 -10)  ( 193  10)  ( 134 -10)  ( 181  10)  ( 160 -10)  ( 239  10)
    4 ( 580 -10)  ( 644  10)  ( 635 -10)  ( 728  10)  ( 553 -10)  ( 762  10)
    5 ( 363 -10)  ( 406  10)  ( 400 -10)  ( 441  10)  ( 436 -10)  ( 522  10)
    6 (1023 -10)  (1023  10)  (1023 -10)  (1023  10)  (1023 -10)  (1023  10)
    7 (1023 -10)  (1023  10)  (1023 -10)  (1023  10)  (1023 -10)  (1023  10)
    8 (1023 -10)  (   0  10)  (1023 -10)  (   0  10)  (1023 -10)  (   0  10)
    9 (   0 -10)  (   0  10)  (   0 -10)  (   0  10)  (   9 -10)  (  24  10)
   10 (1023 -10)  (   0  10)  (1023 -10)  (   0  10)  (1023 -10)  (   0  10)
---------------------------------------------------------------------

Nick-Cmd:

print coin all
--------------------print country  0 coin value---------------------
 coin  min0        max0        min1        max1        min2        max2 
    0 ( 358 -10)  ( 375  10)  ( 465 -10)  ( 505  10)  ( 571 -10)  ( 648  10)
    1 ( 566 -10)  ( 590  10)  ( 614 -10)  ( 640  10)  ( 730 -10)  ( 760  10)
    2 ( 617 -10)  ( 632  10)  ( 718 -10)  ( 736  10)  ( 696 -10)  ( 770  10)
    3 ( 459 -10)  ( 478  10)  ( 500 -10)  ( 525  10)  ( 490 -10)  ( 551  10)
    4 ( 742 -10)  ( 775  10)  ( 772 -10)  ( 827  10)  ( 669 -10)  ( 804  10)
    5 ( 645 -10)  ( 658  10)  ( 685 -10)  (   0  10)  ( 631 -10)  ( 731  10)
    6 (1023 -10)  (1023  10)  (1023 -10)  (1023  10)  (1023 -10)  (1023  10)
    7 (1023 -10)  (1023  10)  (1023 -10)  (1023  10)  (1023 -10)  (1023  10)
    8 (1023 -10)  (   0  10)  (1023 -10)  (   0  10)  (1023 -10)  (   0  10)
    9 ( 200 -10)  ( 227  10)  ( 267 -10)  ( 287  10)  ( 417 -10)  ( 445  10)
   10 (   0 -10)  (  26  10)  (  67 -10)  (  89  10)  ( 181 -10)  ( 194  10)
---------------------------------------------------------------------


Nick-Cmd:print coin all
--------------------print country  0 coin value---------------------
 coin  min0        max0        min1        max1        min2        max2 
    0 ( 348 -10)  ( 375  10)  ( 465 -10)  ( 505  10)  ( 571 -10)  ( 648  10)
    1 ( 566 -10)  ( 600  10)  ( 614 -10)  ( 640  10)  ( 720 -10)  ( 760  10)
    2 ( 617 -10)  ( 642  10)  ( 718 -10)  ( 736  10)  ( 696 -10)  ( 770  10)
    3 ( 459 -10)  ( 478  10)  ( 500 -10)  ( 525  10)  ( 490 -10)  ( 551  10)
    4 ( 742 -10)  ( 775  10)  ( 772 -10)  ( 827  10)  ( 669 -10)  ( 804  10)
    5 ( 645 -10)  ( 658  10)  ( 685 -10)  ( 700  10)  ( 631 -10)  ( 731  10)
    6 (1023 -10)  (1023  10)  (1023 -10)  (1023  10)  (1023 -10)  (1023  10)
    7 (1023 -10)  (1023  10)  (1023 -10)  (1023  10)  (1023 -10)  (1023  10)
    8 (1023 -10)  (   0  10)  (1023 -10)  (   0  10)  (1023 -10)  (   0  10)
    9 ( 200 -10)  ( 227  10)  ( 267 -10)  ( 287  10)  ( 417 -10)  ( 445  10)
   10 (   0 -10)  (  26  10)  (  67 -10)  (  89  10)  ( 181 -10)  ( 194  10)
---------------------------------------------------------------------

Nick-Cmd:Op Cancel!
