                                                        广州畅阳电子科技有限公司

                                                         硬币清分机历史清分记录

 索引              清分时间      1元(枚)    5角(枚)    1角(枚)  大1角(枚)   10元(枚)    5元(枚)    总金额(元) 总枚数(枚) 异币数(枚)
    1   2018-05-15 11:34:00          0          0          0          0          0          0          0.00          0          0
    2   2018-05-15 11:52:56          0          0          0          0          0          0          0.00          0          0
    3   2018-05-15 11:52:57          0          0          0          0          0          0          0.00          0          0
    4   2018-05-15 11:53:05          0          0          0          0          0          0          0.00          0          0
    5   2018-05-15 11:58:35          0          0          0          0          0          0          0.00          0          0
    6   2018-05-15 11:58:37          0          0          0          0          0          0          0.00          0          0
    7   2018-05-15 11:58:38          0          0          0          0          0          0          0.00          0          0
    8   2018-05-15 11:58:39          0          0          0          0          0          0          0.00          0          0
    9   2018-05-15 11:58:39          0          0          0          0          0          0          0.00          0          0
   10   2018-05-15 11:58:40          0          0          0          0          0          0          0.00          0          0
   11   2018-05-15 11:58:56          0          0          0          0          0          0          0.00          0          0
   12   2018-05-15 11:58:57          0          0          0          0          0          0          0.00          0          0
   13   2018-05-15 11:58:58          0          0          0          0          0          0          0.00          0          0
   14   2018-05-15 11:58:59          0          0          0          0          0          0          0.00          0          0
   15   2018-05-15 11:58:59          0          0          0          0          0          0          0.00          0          0
   16   2018-05-15 11:59:00          0          0          0          0          0          0          0.00          0          0
   17   2018-05-15 11:59:01          0          0          0          0          0          0          0.00          0          0
   18   2018-05-15 11:59:02          0          0          0          0          0          0          0.00          0          0
   19   2018-05-15 11:59:20          0          0          0          0          0          0          0.00          0          0
   20   2018-05-15 11:59:21          0          0          0          0          0          0          0.00          0          0
   21   2018-05-15 11:59:22          0          0          0          0          0          0          0.00          0          0
   22   2018-05-15 11:59:23          0          0          0          0          0          0          0.00          0          0
   23   2018-05-15 11:59:24          0          0          0          0          0          0          0.00          0          0
   24   2018-05-15 11:59:25          0          0          0          0          0          0          0.00          0          0
   25   2018-05-15 11:59:31          0          0          0          0          0          0          0.00          0          0
   26   2018-05-15 11:59:32          0          0          0          0          0          0          0.00          0          0
   27   2018-05-15 11:59:33          0          0          0          0          0          0          0.00          0          0
   28   2018-05-15 11:59:34          0          0          0          0          0          0          0.00          0          0
   29   2018-05-15 11:59:35          0          0          0          0          0          0          0.00          0          0
   30   2018-05-15 11:59:36          0          0          0          0          0          0          0.00          0          0
   31   2018-05-15 11:59:40          0          0          0          0          0          0          0.00          0          0
   32   2018-05-15 11:59:45          0          0          0          0          0          0          0.00          0          0
   33   2018-05-15 11:59:50          0          0          0          0          0          0          0.00          0          0
   34   2018-05-15 11:59:58          0          0          0          0          0          0          0.00          0          0
   35   2018-05-15 15:11:44          0          0          0          0          0          0          0.00          0          0
   36   2018-05-15 15:11:45          0          0          0          0          0          0          0.00          0          0
   37   2018-05-15 15:11:46          0          0          0          0          0          0          0.00          0          0
   38   2018-05-15 15:21:57          0          0          0          0          0          0          0.00          0          0
   39   2018-05-15 15:21:58          0          0          0          0          0          0          0.00          0          0
   40   2018-05-15 15:21:59          0          0          0          0          0          0          0.00          0          0
   41   2018-05-15 15:22:00          0          0          0          0          0          0          0.00          0          0
   42   2018-05-15 15:22:01          0          0          0          0          0          0          0.00          0          0
   43   2018-05-15 15:22:02          0          0          0          0          0          0          0.00          0          0
   44   2018-05-15 15:22:03          0          0          0          0          0          0          0.00          0          0
   45   2018-05-15 15:22:04          0          0          0          0          0          0          0.00          0          0
   46   2018-05-15 15:22:05          0          0          0          0          0          0          0.00          0          0
   47   2018-05-15 15:22:06          0          0          0          0          0          0          0.00          0          0
   48   2018-05-15 15:22:06          0          0          0          0          0          0          0.00          0          0
   49   2018-05-15 15:22:07          0          0          0          0          0          0          0.00          0          0
   50   2018-05-15 15:22:08          0          0          0          0          0          0          0.00          0          0
   51   2018-05-15 15:22:09          0          0          0          0          0          0          0.00          0          0
   52   2018-05-15 15:22:10          0          0          0          0          0          0          0.00          0          0
   53   2018-05-15 15:22:11          0          0          0          0          0          0          0.00          0          0
   54   2018-05-15 15:22:12          0          0          0          0          0          0          0.00          0          0
   55   2018-05-15 15:22:13          0          0          0          0          0          0          0.00          0          0
   56   2018-05-15 15:22:14          0          0          0          0          0          0          0.00          0          0
   57   2018-05-15 15:22:15          0          0          0          0          0          0          0.00          0          0
   58   2018-05-15 15:22:16          0          0          0          0          0          0          0.00          0          0
   59   2018-05-15 15:22:17          0          0          0          0          0          0          0.00          0          0
   60   2018-05-15 15:22:18          0          0          0          0          0          0          0.00          0          0
   61   2018-05-15 15:22:19          0          0          0          0          0          0          0.00          0          0
   62   2018-05-15 15:22:20          0          0          0          0          0          0          0.00          0          0
   63   2018-05-15 15:22:21          0          0          0          0          0          0          0.00          0          0
   64   2018-05-15 15:22:22          0          0          0          0          0          0          0.00          0          0
   65   2018-05-15 15:22:23          0          0          0          0          0          0          0.00          0          0
   66   2018-05-15 16:36:12          0          0          0          0          0          0          0.00          0          0
   67   2018-05-15 16:36:14          0          0          0          0          0          0          0.00          0          0
   68   2018-05-15 16:36:15          0          0          0          0          0          0          0.00          0          0
   69   2018-05-15 16:36:16          0          0          0          0          0          0          0.00          0          0
   70   2018-05-15 16:36:17          0          0          0          0          0          0          0.00          0          0
   71   2018-05-15 16:36:18          0          0          0          0          0          0          0.00          0          0
   72   2018-05-15 16:36:19          0          0          0          0          0          0          0.00          0          0
   73   2018-05-15 16:36:19          0          0          0          0          0          0          0.00          0          0
   74   2018-05-15 16:36:20          0          0          0          0          0          0          0.00          0          0
   75   2018-05-15 16:36:21          0          0          0          0          0          0          0.00          0          0
   76   2018-05-15 16:36:22          0          0          0          0          0          0          0.00          0          0
   77   2018-05-15 16:36:24          0          0          0          0          0          0          0.00          0          0
   78   2018-05-15 16:36:25          0          0          0          0          0          0          0.00          0          0
   79   2018-05-15 16:36:26          0          0          0          0          0          0          0.00          0          0
   80   2018-05-15 16:36:27          0          0          0          0          0          0          0.00          0          0
   81   2018-05-15 16:36:27          0          0          0          0          0          0          0.00          0          0
   82   2018-05-15 16:36:28          0          0          0          0          0          0          0.00          0          0
   83   2018-05-15 16:36:29          0          0          0          0          0          0          0.00          0          0
   84   2018-05-15 16:36:30          0          0          0          0          0          0          0.00          0          0
   85   2018-05-15 16:36:30          0          0          0          0          0          0          0.00          0          0
   86   2018-05-15 16:36:31          0          0          0          0          0          0          0.00          0          0
   87   2018-05-15 16:36:32          0          0          0          0          0          0          0.00          0          0
   88   2018-05-15 16:36:32          0          0          0          0          0          0          0.00          0          0
   89   2018-05-15 16:36:33          0          0          0          0          0          0          0.00          0          0
   90   2018-05-15 16:36:34          0          0          0          0          0          0          0.00          0          0
   91   2018-05-15 16:36:43          0          0          0          0          0          0          0.00          0          0
   92   2018-05-15 16:36:44          0          0          0          0          0          0          0.00          0          0
   93   2018-05-15 16:36:45          0          0          0          0          0          0          0.00          0          0
   94   2018-05-15 16:36:46          0          0          0          0          0          0          0.00          0          0
   95   2018-05-15 16:36:47          0          0          0          0          0          0          0.00          0          0
   96   2018-05-15 16:36:48          0          0          0          0          0          0          0.00          0          0
   97   2018-05-15 16:36:49          0          0          0          0          0          0          0.00          0          0
   98   2018-05-15 16:36:50          0          0          0          0          0          0          0.00          0          0
   99   2018-05-15 16:36:51          0          0          0          0          0          0          0.00          0          0
  100   2018-05-15 16:36:52          0          0          0          0          0          0          0.00          0          0
  101   2018-05-15 16:36:53          0          0          0          0          0          0          0.00          0          0
  102   2018-05-15 16:36:53          0          0          0          0          0          0          0.00          0          0
  103   2018-05-15 16:36:54          0          0          0          0          0          0          0.00          0          0
  104   2018-05-15 16:36:55          0          0          0          0          0          0          0.00          0          0
  105   2018-05-15 16:36:57          0          0          0          0          0          0          0.00          0          0
  106   2018-05-15 16:36:57          0          0          0          0          0          0          0.00          0          0
  107   2018-05-15 16:36:58          0          0          0          0          0          0          0.00          0          0
  108   2018-05-15 16:36:59          0          0          0          0          0          0          0.00          0          0
  109   2018-05-15 16:37:00          0          0          0          0          0          0          0.00          0          0
  110   2018-05-15 16:37:00          0          0          0          0          0          0          0.00          0          0
  111   2018-05-15 16:37:07          0          0          0          0          0          0          0.00          0          0
  112   2018-05-15 16:37:08          0          0          0          0          0          0          0.00          0          0
  113   2018-05-15 16:37:09          0          0          0          0          0          0          0.00          0          0
  114   2018-05-15 16:37:10          0          0          0          0          0          0          0.00          0          0
  115   2018-05-15 16:37:11          0          0          0          0          0          0          0.00          0          0
  116   2018-05-15 16:37:12          0          0          0          0          0          0          0.00          0          0
  117   2018-05-15 16:37:13          0          0          0          0          0          0          0.00          0          0
  118   2018-05-15 16:37:14          0          0          0          0          0          0          0.00          0          0
  119   2018-05-15 16:37:14          0          0          0          0          0          0          0.00          0          0
  120   2018-05-15 16:37:15          0          0          0          0          0          0          0.00          0          0
  121   2018-05-15 16:37:16          0          0          0          0          0          0          0.00          0          0
  122   2018-05-15 16:37:23          0          0          0          0          0          0          0.00          0          0
  123   2018-05-15 16:37:24          0          0          0          0          0          0          0.00          0          0
  124   2018-05-15 16:37:25          0          0          0          0          0          0          0.00          0          0
  125   2018-05-15 16:37:26          0          0          0          0          0          0          0.00          0          0
  126   2018-05-15 16:37:27          0          0          0          0          0          0          0.00          0          0
  127   2018-05-15 16:37:28          0          0          0          0          0          0          0.00          0          0
  128   2018-05-15 16:37:29          0          0          0          0          0          0          0.00          0          0
  129   2018-05-15 16:37:30          0          0          0          0          0          0          0.00          0          0
  130   2018-05-15 16:37:42          0          0          0          0          0          0          0.00          0          0
